%YAML:1.0
intrinsic: !!opencv-matrix
   rows: 3
   cols: 3
   dt: d
   data: [ 1.90790072e+03, 0.00000000e+00, 1.10029737e+03,
        0.00000000e+00, 1.90877075e+03, 6.54490653e+02,
        0., 0., 1. ]
distortion: !!opencv-matrix
   rows: 1
   cols: 5
   dt: d
   data: [ -1.09866000e-01,  3.30301323e-01,  6.27794805e-04, -5.36737153e-04, -8.33178661e-01 ]
rotation: !!opencv-matrix
   rows: 3
   cols: 3
   dt: d
   data: [ 0.99999744, 0.0017141,  -0.00147686, 
            -0.00171631,  0.99999741, -0.00149245,
       0.00147429, 0.00149498, 0.9999978]
projection: !!opencv-matrix
   rows: 3
   cols: 4
   dt: d
   data: [ 1.91047433e+03, 0.00000000e+00, 1.13762251e+03, 0.00000000e+00, 
           0.00000000e+00, 1.91047433e+03, 6.50515694e+02, 0.00000000e+00, 
           0., 0., 1.,0. ]
Q: !!opencv-matrix
   rows: 4
   cols: 4
   dt: d
   data: [ 1.00000000e+00,  0.00000000e+00,  0.00000000e+00, -1.13762251e+03, 
            0.00000000e+00,  1.00000000e+00,  0.00000000e+00, -6.50515694e+02,
             0.00000000e+00,  0.00000000e+00,  0.00000000e+00, 1.91047433e+03, 
              0.00000000e+00,  0.00000000e+00,  8.35380815e-02, -0.00000000e+00 ]
