%YAML:1.0
intrinsic: !!opencv-matrix
   rows: 3
   cols: 3
   dt: d
   data: [ 1.91210318e+03, 0.00000000e+00, 1.12002412e+03, 
        0.00000000e+00, 1.91217791e+03, 6.16522066e+02, 
        0., 0., 1. ]
distortion: !!opencv-matrix
   rows: 1
   cols: 5
   dt: d
   data: [-1.04626675e-01,  2.37262550e-01 , 8.18854180e-04,  4.63939569e-04, -5.83634138e-01 ]
rotation: !!opencv-matrix
   rows: 3
   cols: 3
   dt: d
   data: [ 0.99998349,  0.00560642, -0.00126065, 
            -0.00560453,  0.99998317,  0.00149725,
            0.00126902, -0.00149016,  0.99999808 ]
projection: !!opencv-matrix
   rows: 3
   cols: 4
   dt: d
   data: [ 1.91047433e+03,  0.00000000e+00,  1.13762251e+03, -2.28695021e+04,
         0.00000000e+00,  1.91047433e+03,  6.50515694e+02,  0.00000000e+00, 
         0., 0., 1., 0. ]
Q: !!opencv-matrix
   rows: 4
   cols: 4
   dt: d
   data: [ 1.00000000e+00,  0.00000000e+00,  0.00000000e+00, -1.13762251e+03, 
           0.00000000e+00,  1.00000000e+00 , 0.00000000e+00, -6.50515694e+02, 
           0.00000000e+00,  0.00000000e+00,  0.00000000e+00,  1.91047433e+03,
            0.00000000e+00,  0.00000000e+00,  8.35380815e-02, -0.00000000e+00 ]
