%YAML:1.0
intrinsic: !!opencv-matrix
   rows: 3
   cols: 3
   dt: d
   data: [ 4.73793211e+03, 0.00000000e+00, 1.24707577e+03,
        0.00000000e+00, 4.73748862e+03, 1.02767596e+03,
        0., 0., 1. ]
distortion: !!opencv-matrix
   rows: 1
   cols: 5
   dt: d
   data: [ -4.66707335e-02,  9.34352753e-01, -1.05379478e-03,  7.67088699e-04, -4.39560507e+00 ]
rotation: !!opencv-matrix
   rows: 3
   cols: 3
   dt: d
   data: [ 0.99885204, -0.04428905, -0.0182506, 
            0.04433946,  0.99901372 , 0.00236659,
       0.01812778, -0.00317309 , 0.99983064]
projection: !!opencv-matrix
   rows: 3
   cols: 4
   dt: d
   data: [ 4.74384464e+03, 0.00000000e+00, 1.31997520e+03, 0.00000000e+00, 
           0.00000000e+00, 4.74384464e+03, 1.03355624e+03, 0.00000000e+00, 
           0., 0., 1.,0. ]
Q: !!opencv-matrix
   rows: 4
   cols: 4
   dt: d
   data: [ 1.00000000e+00,  0.00000000e+00,  0.00000000e+00, -1.31997520e+03, 
            0.00000000e+00,  1.00000000e+00,  0.00000000e+00, -1.03355624e+03,
             0.00000000e+00, 0.00000000e+00,  0.00000000e+00,  4.74384464e+03, 
              0.00000000e+00,  0.00000000e+00, -1.11064884e-01,  0.00000000e+00 ]
