%YAML:1.0
intrinsic: !!opencv-matrix
   rows: 3
   cols: 3
   dt: d
   data: [ 4.74992847e+03, 0.00000000e+00, 1.23318790e+03, 
        0.00000000e+00, 4.75020065e+03, 1.01209180e+03, 
        0., 0., 1. ]
distortion: !!opencv-matrix
   rows: 1
   cols: 5
   dt: d
   data: [-2.38205583e-02,  7.02834308e-02,  8.49088479e-04, -1.19485267e-04, 3.58421131e+00 ]
rotation: !!opencv-matrix
   rows: 3
   cols: 3
   dt: d
   data: [ 0.99873561, -0.04913782, -0.01061365, 
            0.04910821,  0.99878886, -0.00303228,
            0.0107498,   0.00250723,  0.99993908 ]
projection: !!opencv-matrix
   rows: 3
   cols: 4
   dt: d
   data: [ 4.74384464e+03, 0.00000000e+00, 1.31997520e+03, 4.27123720e+04,
         0.00000000e+00, 4.74384464e+03, 1.03355624e+03, 0.00000000e+00, 
         0., 0., 1., 0. ]
Q: !!opencv-matrix
   rows: 4
   cols: 4
   dt: d
   data: [ 1.00000000e+00,  0.00000000e+00,  0.00000000e+00, -1.31997520e+03, 
            0.00000000e+00,  1.00000000e+00,  0.00000000e+00, -1.03355624e+03,
             0.00000000e+00, 0.00000000e+00,  0.00000000e+00,  4.74384464e+03, 
              0.00000000e+00,  0.00000000e+00, -1.11064884e-01,  0.00000000e+00 ]
